2957
204
1596
339
544
181
2337
392
3024
2717
2072
159
2767
2929
2575
1486
875
57
3475
22
1459
983
1085
2488
2498
1427
3538
3602
2267
2854
2045
787
953
1822
898
874
1878
855
774
610
3034
58
3685
1963
3197
673
2443
630
2172
2416
2731
251
2421
3692
1211
2634
3259
2744
212
3118
714
599
849
3160
249
878
3376
1070
1508
2210
3665
2606
218
622
2961
2041
73
1293
1999
966
2436
2865
3491
1127
2761
1786
3398
2053
1947
90
1510
771
1015
2741
1069
2306
1361
60
1533
3407
1124
3319
802
524
1433
2802
1823
473
1703
2517
3225
2223
2228
3615
1742
2895
345
2538
2265
1143
881
595
3388
1065
44
1148
1248
332
613
2224
1904
1213
2122
1320
1344
24
324
2060
2960
3341
2813
1642
39
2864
2596
976
433
2571
3299
2329
2631
638
2991
3064
2204
2252
2640
2146
1121
1922
3368
2501
2166
2551
103
2618
3432
602
1366
53
1012
600
506
1554
3217
2506
1824
2898
1948
2369
2699
3143
3343
539
511
2750
737
3091
1190
611
3003
3291
1164
991
10
1915
1038
3275
2289
2196
1086
26
3419
2278
3383
1318
2276
1352
1111
1407
3228
1972
2828
3151
1376
1664
1872
518
1131
3679
2007
926
1949
3011
1975
208
1513
1961
678
3149
2710
1078
2883
1108
935
2019
97
3346
2672
2325
3279
1800
2356
1620
1261
1726
1374
1719
1583
888
3230
2849
2407
1880
405
435
3399
2756
962
1652
3251
462
7
937
640
1527
2395
2246
3297
568
3416
499
2193
1303
2113
1558
19
3607
2701
1865
1210
2515
757
3231
2256
2022
1844
91
2682
1695
64
1491
3114
3240
2489
1117
2366
1109
1283
3517
522
798
3691
428
1042
288
605
2431
2940
3042
2852
3140
1297
701
1918
2243
3668
48
3637
2034
2057
254
3590
2225
3284
2054
1160
1970
124
3449
3469
1600
3364
3371
94
1506
123
1236
2279
483
1202
1113
148
98
2959
3436
1794
3496
1432
1777
1778
1720
1889
2762
1237
658
1557
3658
541
1656
2999
1453
331
816
1582
2227
2209
1247
3694
3190
879
1553
3619
3349
709
50
1671
3560
145
337
3280
3588
2043
457
3634
261
362
3096
1905
3084
3378
1455
1722
2842
2907
1497
1563
1679
1735
1097
1422
3553
1978
1083
2350
1980
3347
1240
247
1446
2747
3277
1499
2523
1431
266
3191
3009
555
1591
948
122
675
1400
2834
2008
56
2497
1745
100
1423
3165
3511
2492
157
2200
742
1667
1848
346
2378
1456
377
2181
1546
922
747
1450
309
3592
2770
2871
1629
3062
2668
3466
3464
633
2941
314
2630
1633
912
1587
469
1430
370
562
527
3264
1690
761
2288
1365
1138
210
608
3459
1845
2241
78
1091
2361
3146
2953
1772
471
162
79
972
615
2967
3286
2600
2365
3463
2900
3271
2145
3532
2049
2260
727
1360
2725
2479
1681
2573
109
823
2766
3552
2192
2533
1191
1312
1576
379
1993
1345
3017
2074
2218
3618
3030
1693
542
1738
1119
1775
2924
2948
1233
2067
3066
2470
3641
28
194
766
1721
270
951
2624
1494
1137
594
2820
3210
3482
606
2088
1395
1994
3130
2285
1873
2450
1020
2188
3049
3294
1068
3021
2635
2229
2182
2609
1515
1005
3611
2379
2811
2326
1581
2059
3379
262
283
2394
1672
1098
1541
52
214
1612
423
1253
895
672
3220
2308
2602
130
2413
2569
960
490
3055
2191
3079
2131
1715
131
271
2262
1114
2162
67
1232
2537
2790
2398
2768
2391
2817
3192
554
191
2098
3238
3167
116
2291
1653
451
1289
1343
781
3298
3518
3181
3195
3687
697
1419
794
2169
1805
2983
2579
2549
3578
2591
2343
2589
279
2696
255
598
1673
1056
1953
2056
2316
1314
138
2853
2167
2827
938
313
2531
3083
235
1888
1769
2985
348
357
708
95
1595
1219
2610
3068
2988
1498
320
2944
2592
1218
700
1767
59
1747
2441
1103
69
2157
1927
330
75
2619
2121
1054
2096
729
2464
2001
3256
1132
2746
160
2389
1650
964
3303
2861
2239
2856
452
2662
1196
2268
2403
1475
1815
2033
3161
1415
2430
2202
285
3234
691
3001
389
2516
1225
472
1740
2247
284
1351
2478
3512
1773
1937
3132
154
2838
36
2149
1048
2692
112
1817
2993
845
232
704
3610
2216
1789
2080
1487
2965
248
934
1278
440
995
2374
1298
2075
2729
3471
820
179
2135
1968
617
1727
1502
854
336
1044
3162
3653
2574
1754
3574
2777
3219
1007
168
274
1259
3058
205
343
1377
674
1866
2775
696
596
1877
919
2642
3568
893
557
341
685
3386
3579
3489
224
2168
3485
495
298
1916
174
1717
753
3311
1711
1403
2249
3029
2139
1797
465
3513
3282
2902
2494
1073
3698
1781
1556
1734
2884
3609
1662
550
3670
1836
2629
2736
3404
1159
2844
1408
240
2298
1268
736
2082
1909
1538
246
1228
361
3457
3594
340
1325
2219
3153
1222
2035
2759
2588
1674
14
2570
958
2429
2656
3662
32
3444
31
2792
740
536
2547
3530
1465
534
3370
2250
3452
3661
2648
2357
1152
1621
144
999
49
3360
2906
2031
329
1858
1507
1479
1638
3649
546
2520
1992
3317
2281
2532
2857
2816
3145
1812
385
1599
3586
2205
2254
2024
928
3103
720
1521
1040
3322
1052
2161
997
2995
1080
2973
2103
2776
3208
561
1840
2091
1029
947
386
2383
538
1331
564
1929
2332
2467
3700
2236
790
117
909
3667
1574
376
253
1545
924
752
87
2106
1928
1122
1279
2138
3113
1528
779
1284
3540
1552
259
1792
2782
1336
147
1598
2706
35
437
2990
3372
2339
2887
1701
2584
2561
2633
1973
2203
412
1079
436
3460
2539
1372
1755
1537
2554
190
3183
456
2419
106
1158
3528
2195
3177
3122
746
847
1969
3514
2274
2282
768
828
2908
2612
940
1603
1050
2587
2879
2860
400
3237
3050
3577
480
3262
3196
1095
482
1659
2175
353
2102
3301
1308
3415
1162
649
2505
1854
2234
2461
2708
2457
211
2793
3633
2711
3604
2677
2232
1022
1573
1530
257
3086
1087
414
2294
954
3100
3036
540
812
2418
3631
3353
936
915
1001
2858
1988
1181
3115
1277
3330
2691
3336
1027
1516
3244
424
3229
3425
1071
2424
3630
3152
2108
305
2231
3213
55
226
2933
401
2576
2794
3320
3384
2449
2812
984
702
722
3645
3601
2036
3107
2393
3247
2368
1110
1480
2583
1410
3270
2382
2980
2832
1663
1270
2721
434
2748
2855
2270
2189
1161
2300
1383
905
2910
1155
2414
1774
2931
1154
1401
547
3092
461
2346
2028
682
1334
201
1350
927
2020
2242
2144
2593
3505
359
2714
2439
15
2716
2440
1841
762
3406
3566
786
3198
1951
950
3525
2920
769
952
1559
1421
645
47
2996
323
2525
2221
3295
2153
726
1428
3493
582
1203
1397
1346
2010
2018
1795
1089
93
656
1493
1296
273
797
1680
1118
2707
1565
3546
907
3180
1871
3526
2821
1852
1605
3654
2524
2527
3478
842
3032
3254
2349
2299
2979
862
2823
1647
1306
1436
3020
1710
1998
2546
2742
2176
2901
1806
2277
566
219
1567
1985
2947
474
3045
378
2335
2937
2029
265
127
3597
535
66
663
188
532
523
1670
807
1820
2542
2158
228
5
626
2626
2652
3429
2786
37
3541
264
153
681
987
3139
2752
2740
1894
1034
2567
1204
3672
1630
3591
402
321
1512
2111
1457
3580
2653
2491
2732
2363
992
2897
2734
1616
2534
2837
1309
806
2830
1256
296
2220
411
3006
448
199
2806
1864
2058
2240
911
3612
3014
1173
833
2003
639
2608
2704
1814
3188
856
3648
505
1882
1059
25
166
1860
1300
2476
2886
549
3467
1495
3273
2536
2405
906
3450
1006
384
1849
2632
3697
2912
1195
1353
2460
1053
1063
2327
3381
1332
3465
791
1780
3077
2117
2921
883
2822
2257
3524
2751
3088
2425
3007
3260
734
51
3395
1504
1924
1458
2915
3358
2992
2502
2705
319
2779
1572
545
680
647
1435
1311
102
3002
1018
969
1399
3296
3481
3078
2432
3204
1469
81
1832
2128
3128
1275
3268
1825
407
1276
2273
2259
725
2727
1262
1632
3442
2544
187
3016
882
225
1045
530
192
3233
3498
819
620
1503
88
3664
354
592
3390
299
660
1039
227
278
2521
1123
1870
624
3382
2272
2385
1424
2266
2341
3207
1166
1335
1804
486
2408
2528
12
3170
1470
114
2738
3582
2055
134
925
2283
2433
195
1534
1593
387
1678
830
2868
478
2287
844
381
1850
2519
2737
3443
2548
2970
3283
3421
863
371
2917
2454
558
3545
2444
1903
2081
817
1649
1691
1263
2765
2675
498
3052
2679
3569
3278
3359
491
365
1285
186
2199
0
705
1577
945
1648
1128
2486
1206
1445
533
1047
2580
2015
1996
671
2352
2702
3557
3412
1474
1522
2230
3095
1145
3690
572
1729
2508
2208
1315
818
1178
3037
364
156
1634
763
476
1714
3393
1460
3362
3105
2598
289
2997
1921
2839
3258
2142
1197
3454
3148
431
1028
1426
470
2984
1997
1267
2719
1611
293
3026
2037
3138
1411
2686
1417
3099
2942
175
788
521
2409
198
998
2867
1771
40
3551
1890
2422
3015
1751
1645
368
1192
1879
2607
1183
200
711
236
2097
576
1542
355
1897
2877
3019
2824
3186
2046
1452
3187
1799
981
1636
646
3222
96
2880
3554
831
985
223
238
2562
1398
1104
930
1245
1134
520
666
1959
297
2364
245
637
325
3302
1057
839
1657
3252
3354
1607
3669
2362
2109
2954
479
655
1770
1185
826
1788
1356
1966
3479
1791
1305
1550
295
2785
432
178
1984
3059
1945
1171
2651
1468
2951
3087
2914
733
744
1084
1523
3008
1500
1488
369
662
3411
2621
2396
3310
3123
1378
2133
1101
3420
2529
2496
234
559
579
2038
2099
338
38
3081
3409
1163
716
728
2251
3005
2919
2344
2090
2238
3587
1881
3427
1133
2160
759
835
2625
1385
1075
170
1093
3533
2462
3147
2764
2720
3581
2673
2083
43
1826
580
2006
1187
3476
1200
1281
764
3506
612
2333
635
1272
418
2513
1094
443
2307
652
3646
1861
896
3682
2773
2459
70
2927
760
3109
1793
2062
3385
811
1977
3293
133
732
880
3035
2680
2165
3063
2293
2222
3441
485
3144
1483
2700
3701
1843
3576
988
3201
169
1463
892
1212
699
3507
2360
1856
2683
772
3487
3521
1910
372
2156
2891
1935
2833
2628
2949
1106
1930
2215
2399
464
2611
1338
500
1313
868
2212
243
1627
2087
1526
315
921
2676
2703
651
1172
1464
2568
1090
2757
3249
2312
2553
2698
3675
2338
447
3028
417
2845
206
1449
1637
1613
1914
2615
838
2685
3542
2998
2484
263
1902
1619
2881
1003
2063
1790
2818
979
3124
1744
2763
2093
2155
2511
1669
1936
356
441
822
1615
1580
2590
3090
1943
3455
3274
2163
420
45
1509
957
2004
3572
2800
2888
1555
1257
631
2745
2358
126
171
1536
3010
463
1964
852
2597
3226
1913
914
3585
2386
723
3657
1676
301
2671
30
3536
1025
860
623
2986
1965
1644
41
1467
2404
3621
2313
1991
1610
1357
2253
1002
1051
2613
3313
1221
3564
1990
851
3423
2645
3367
2622
1857
2174
2100
3060
2012
3043
3647
2950
445
528
3292
229
1139
1396
1443
1231
1750
3461
3622
1105
1249
3681
2885
2380
3472
3074
3632
1017
3627
1544
2304
2658
846
2843
2964
989
492
616
571
1842
1392
1728
2044
2968
1023
177
2840
1901
551
2025
719
1409
450
390
1442
3549
3253
3458
585
2556
2825
949
1986
2471
104
3173
1787
2317
180
643
1869
3652
2754
1592
76
2434
33
2650
3199
2397
670
1989
68
2836
1340
139
1539
3265
3428
393
487
291
2178
439
2540
3706
481
1568
82
1759
3704
2375
825
3509
809
1077
2284
679
982
2330
2892
2077
1519
3150
3555
2636
3696
876
3345
904
1807
220
659
2050
1625
2735
1802
2894
803
2585
2451
2331
1661
1265
425
3141
2094
1768
2572
3684
1036
3624
1855
2347
2522
975
1235
857
933
2073
1481
2173
2945
2654
3126
1950
1868
61
3535
897
2646
2198
1180
3135
1987
221
840
449
508
1837
1668
1704
446
3366
3620
1578
2183
2644
1974
2882
1333
3266
621
1199
1100
2027
1072
1064
63
784
3702
2512
1369
3039
502
2114
2011
3312
3544
3673
77
738
717
2690
3073
864
3248
3448
1429
3616
2258
3522
3093
648
350
1165
824
1258
1604
1209
394
1501
2401
1115
1224
2348
1292
173
3111
2500
1370
467
3171
152
2086
1416
3593
869
2923
2269
2280
3655
3257
942
3223
3242
3324
2771
1566
3492
1801
2826
578
2863
3057
397
712
3468
2976
1282
3639
318
3456
1066
1193
1618
2972
565
3338
2689
1425
2342
581
3325
1586
932
3693
2922
2555
1847
2207
901
2455
1540
1373
2184
2936
858
1846
609
1016
654
1899
1589
2412
1067
3179
2769
351
272
3221
62
756
2226
3705
3235
3391
2905
3106
665
848
2214
3120
2066
2244
1867
3527
1517
713
677
1462
2477
1046
3163
877
1476
3680
1448
2032
543
2345
2372
119
2578
1675
2095
80
2909
689
1294
217
832
601
2535
929
3304
1624
2447
1956
1686
3434
2217
653
3543
642
1214
3562
1925
2101
475
1434
2448
1489
2112
2465
268
349
2129
2503
2472
2678
783
2151
1839
3305
322
1205
3323
1601
2728
1979
71
2400
3038
3473
83
140
1564
2487
3129
887
3340
3241
2076
1898
2065
1810
2023
748
1288
3085
3031
1019
3033
189
1896
2186
1102
3424
1677
1813
2026
3137
1995
2292
1386
1803
2870
163
1743
3206
2543
280
1724
2911
3373
149
1074
1454
2928
231
650
1250
1492
1682
466
1402
2286
1330
135
589
2799
1116
2889
569
2783
1833
814
1933
3676
2808
3342
1784
2446
1215
920
3119
2952
2655
560
3263
1548
2850
1707
2485
3389
676
3121
765
2639
1923
1732
718
2152
1286
2638
1838
1698
3211
755
3575
3494
2841
3480
3178
1461
3189
889
867
2904
2271
1175
3663
706
9
184
3127
2493
778
1551
2670
1808
965
1295
3387
1893
1151
2089
161
4
1912
2595
395
16
519
277
1174
2755
3154
252
1529
2456
1081
1643
1660
2435
2659
3500
1149
1752
1758
2376
1514
3644
1135
120
1962
1562
2649
367
1718
137
567
176
2582
3069
3307
3462
3531
209
667
2126
641
1967
1010
347
3520
2469
3321
3365
2743
2132
3056
2340
2499
3203
834
366
233
3309
1129
3589
2760
17
799
2674
2463
3046
1406
438
959
46
2966
1960
1920
1194
3205
2014
3437
2614
1304
2623
1368
1041
2445
2237
2116
590
3067
1136
1444
2797
3350
143
625
2807
239
3025
2245
1319
1782
2784
2388
3176
3243
1946
1176
1223
994
3699
1146
3
2411
2724
1049
2475
1584
1683
2130
3202
2423
1757
2657
563
3596
1363
884
3666
2051
1753
2
1339
237
2896
3337
1301
213
3116
1169
1900
3405
1220
2819
3157
2185
373
978
3486
3401
1821
2851
276
3392
3683
1032
632
1549
2859
1238
2354
430
683
2903
429
2975
1478
3276
1060
614
1874
1264
3117
3519
1120
399
1957
2047
3051
2925
1271
2092
2179
1785
111
2177
1490
805
2664
513
526
1983
2603
146
1796
3332
777
2136
1736
2791
3158
3334
1809
2804
1934
1941
1942
267
2866
2695
2661
1389
504
1251
422
2328
3288
1362
1658
182
1371
2127
2862
2295
2586
1380
1391
1179
627
3678
1954
167
1588
2371
2594
3510
2926
3374
1511
3394
693
1342
1484
3571
2552
810
3550
2509
3567
3194
593
3236
1614
553
2916
900
3335
507
1471
1635
3477
1482
3094
750
215
2351
509
537
2730
707
770
2311
853
1322
1167
242
1741
644
586
2042
3018
721
1524
2017
496
2000
391
2810
776
1021
3439
72
1976
3164
2490
1602
2805
1358
2264
2071
1688
2641
3529
1597
2829
3408
603
468
2981
3474
996
980
669
1853
2301
2417
3131
1875
1532
1414
758
1940
556
2726
1412
1485
501
2971
795
416
74
136
3155
3023
328
2275
785
3012
1242
903
1420
1725
1594
326
107
172
695
1623
990
3606
455
1606
1061
1037
183
1255
1438
282
1911
165
442
203
3584
789
2787
801
1609
657
2452
1217
2322
2780
573
2958
2367
460
1981
1716
1254
2987
3626
739
2290
358
196
3640
2663
1466
2323
2437
741
1234
2353
2955
2803
1886
2154
3628
202
3232
2876
1226
2314
404
1626
3108
2848
2835
3169
2141
256
1892
3134
1153
2466
375
2110
2415
421
3430
3269
108
944
3339
410
1188
54
1570
688
3261
3110
408
244
1697
1694
1731
570
388
415
1531
1030
1641
859
775
2514
141
583
3671
3643
1569
3629
3422
2190
829
597
258
2473
2918
2507
1141
963
29
3636
1705
2688
1733
1011
1348
3097
1739
698
1631
3227
2453
3351
1055
2140
413
2002
3695
1684
3214
1157
871
2085
1687
3075
1829
3617
1571
767
1700
730
2150
517
3216
3082
1765
1811
3246
2334
