1203
1198
2530
664
1696
2884
40
1603
705
2704
665
2395
2564
432
75
1320
169
1553
494
1850
1541
2756
572
1370
2479
2740
2304
828
449
315
1462
1496
871
2965
2579
2437
2584
2526
2553
1164
248
1548
98
541
1306
1806
1461
458
3048
2588
1339
1448
1592
2195
340
1594
2899
2603
2583
2587
643
1659
2160
1565
2497
1076
2351
546
1285
1443
3044
62
2133
1958
479
1021
2353
894
640
517
1416
2773
1276
2858
1059
2279
1795
1723
2505
2943
2267
2586
826
560
2085
2949
3009
25
2598
1258
344
1789
2862
397
898
2777
305
1685
2256
398
3120
425
1013
2494
290
1384
2464
415
1917
2680
2236
908
48
2050
1776
2845
1891
1999
2163
2500
667
877
1665
1948
312
46
1476
2874
130
1583
1425
3010
2982
2444
2911
2339
1951
2737
1573
166
927
961
2596
538
376
1309
2435
1247
1954
1242
2396
2578
3045
1454
1867
3152
148
947
1293
3128
1381
1453
34
2744
1840
231
1918
1334
2814
2037
1631
81
117
2135
445
2428
1179
545
2380
3157
2957
2898
1847
1132
3043
686
33
2468
1310
1709
1374
1965
1323
645
1034
2429
2211
2297
309
1732
162
1023
2536
176
273
1057
1700
2415
3175
1956
971
3029
2278
846
3030
1302
2731
2618
1991
2088
1039
1528
1930
1825
921
493
1764
2981
183
2872
2926
2201
443
1201
3017
2687
2585
956
2623
375
1478
2876
1150
1708
2951
2781
2099
1489
2312
2378
2604
1300
3018
1897
1760
2044
1807
883
1430
3139
1049
949
1694
1234
1275
1210
1245
1835
718
760
1893
729
677
110
1460
2132
936
2499
849
2140
239
288
2554
2212
2816
1770
598
1017
115
1513
2902
428
772
2131
653
1435
89
393
2061
2227
717
254
2215
1538
1961
391
857
462
1810
1635
1051
796
2381
2219
91
1777
1742
1588
3014
2272
1458
730
2848
3181
405
1073
1648
2052
2097
1824
2910
3176
603
2430
807
2637
1136
970
2305
2024
934
347
214
525
1255
1019
930
1856
2042
766
912
1229
1805
374
2630
1885
1166
1356
1066
423
2369
2465
3094
520
671
2250
2330
1040
150
1410
599
3173
2923
3151
3170
1726
2607
2648
1934
2852
2055
2762
819
903
900
2897
1751
2235
492
2262
2562
2676
2797
498
140
1747
1981
3163
252
327
1854
3068
475
2885
637
3148
377
2725
890
3022
3008
1272
3006
866
1336
1204
602
1266
1748
282
3125
1911
625
410
242
2258
1914
368
1282
2081
2484
1767
1612
2822
24
276
662
1994
3115
1451
2086
2507
326
23
3034
3015
1215
2269
2708
1086
1680
7
86
822
911
1632
3185
2009
2078
1811
420
1484
2682
362
1574
52
1900
2191
2871
683
1681
381
2240
2338
395
953
523
749
418
1846
1329
845
269
1089
1495
674
225
2048
2914
2398
2691
274
450
3184
488
337
1941
1327
2405
804
917
1772
1739
534
1202
1171
909
1414
800
1316
220
490
558
2793
294
1953
1432
615
1259
1152
208
1181
106
2599
1604
1126
1568
2533
504
1591
2830
1522
88
2205
2963
49
1366
2870
240
6
1722
272
1967
1576
16
944
827
336
2110
1829
2189
3102
2846
1340
592
2644
1621
3187
2143
2857
2456
1539
1328
876
844
379
87
2515
2295
1670
672
2092
2860
3021
698
2199
192
59
1396
1587
2732
2817
300
2608
700
945
1920
1596
1873
2592
1365
888
2379
982
165
3150
422
3155
2377
2879
1060
3108
1903
966
2062
2836
2450
2647
1106
2241
1615
2350
2716
2194
3162
298
118
2498
2697
707
1946
814
1347
1882
1524
1081
3040
2602
3031
380
1960
2073
2485
1474
1716
2615
105
521
1849
1837
569
427
84
1351
802
411
1493
2471
2298
3127
2794
440
2168
1705
103
1962
2842
2666
1233
1750
1645
513
1331
1940
2331
2003
2558
2878
2439
843
2538
508
3083
1794
1909
1028
586
1002
2559
2200
363
2973
1639
2661
457
2093
1373
54
2788
2147
58
182
739
3140
2552
92
2341
1382
2208
1395
720
1163
390
1399
1701
244
1855
3116
606
1952
1417
1698
2802
2555
1186
50
1401
2650
3156
913
2759
1220
2079
3067
3058
2541
3081
1540
1983
2319
199
1769
406
71
669
108
716
1072
1481
2117
1162
2342
1581
2726
3117
3082
1284
1274
2979
2015
3012
1703
2150
2230
734
3158
10
991
200
3051
581
2913
925
1008
1702
2769
2101
2918
711
2453
1468
2368
1984
647
1771
2016
2011
364
2222
1112
2912
2182
2798
1557
1572
2293
1042
1921
721
2651
2148
55
2476
2976
2780
1128
835
1545
1688
2083
2701
1563
2137
1559
1879
3159
2563
2018
2051
1975
1627
2107
1853
2404
574
1271
2333
2575
1386
2492
1704
673
2509
2397
2543
661
2953
775
2522
1870
1933
2989
642
2359
3182
172
1200
2296
1371
3143
1518
202
1753
2183
548
2421
933
388
1682
2149
1098
1170
2922
1439
2207
2012
4
1348
2851
2440
1881
2299
2754
1117
2978
1618
2904
1869
2324
767
2713
1308
2334
881
2895
2248
3168
1860
2699
437
3124
1154
1389
635
2495
2277
2560
2804
1689
2231
3095
307
1286
2631
2390
250
2892
681
44
1031
2478
1007
2642
2995
999
1211
2474
404
2743
994
865
2049
1779
1947
1063
2432
3063
2434
745
3074
3038
1922
1256
1857
3087
1778
1190
2367
1792
2483
2371
2795
2683
2358
696
100
1107
2765
2473
1426
2065
2994
1294
109
2346
330
392
588
2007
43
3041
2074
892
627
1663
920
2406
915
1969
2332
1205
348
361
1372
304
238
2496
2663
3138
2556
1803
3135
1796
1290
2685
3036
867
3086
1044
2102
926
955
1906
2961
509
2703
323
1724
1525
595
1291
2122
145
1786
1647
2894
2309
134
1114
187
533
2489
3049
537
2628
1686
1046
2855
794
1335
2724
979
597
1402
2075
1380
74
958
2118
1957
2039
454
1863
2224
1346
1123
786
1633
1241
2622
122
1841
1641
1877
2021
3039
82
693
2776
1394
373
549
136
2901
2025
1746
2115
553
2145
1972
2463
2551
2288
1029
2337
1672
1184
2336
1143
896
1101
2875
96
2282
124
668
931
2356
2833
2134
1048
2792
174
1605
28
703
2173
1775
1699
2141
1219
2545
580
2026
1467
1169
2591
1206
1995
648
289
1315
2653
3126
2180
649
1180
164
370
224
1783
102
2948
30
1177
2178
3113
184
1491
2410
854
1676
476
2886
2903
31
2652
1765
394
112
2820
2034
2799
9
1661
302
1937
1420
995
232
1030
1135
2818
3069
1910
973
125
542
329
3111
3092
1898
2014
308
1246
1737
1992
1843
547
320
226
1791
311
646
1159
2477
2764
1070
2031
2245
1193
870
577
168
18
613
2170
143
446
3174
2436
3179
1500
712
2457
2660
3007
972
1440
3165
2046
1506
3024
322
149
2010
3055
3061
1758
2569
1299
1511
2577
485
923
2233
157
824
1619
2889
3123
2491
2060
2264
293
1740
992
1616
1001
2486
2294
1649
2316
207
1926
1623
2614
2045
2323
346
2775
567
2124
72
1544
733
1826
1931
3122
2844
1519
2760
526
1251
2226
554
2594
1466
1634
950
2721
2821
2714
951
1094
1268
2928
1069
2136
838
2029
1968
1311
3110
670
365
1158
416
3053
3004
38
1625
1118
1638
2374
801
36
770
2667
41
3100
742
1507
2187
1973
1288
1431
3023
2161
630
2838
78
506
2253
2142
1120
2328
1415
784
1006
1304
222
2087
529
1932
621
2185
306
2317
19
1800
1915
2546
2354
2565
968
1122
2865
1620
1470
1589
518
2677
2451
1912
561
2475
2610
1087
2158
978
1005
456
2433
99
2036
181
3052
1654
744
1664
2550
840
2271
354
596
2512
685
353
3032
1626
261
570
1405
1173
587
198
2996
899
1138
986
2573
2348
1322
2321
283
178
1358
421
1383
2047
3191
2382
524
17
1343
180
791
3073
2849
1239
138
1606
3129
1332
797
335
1936
818
1068
689
2469
1156
436
2006
1827
1473
2121
691
969
1312
2854
764
1326
1092
295
2625
1864
829
880
1569
2969
399
882
1231
755
2126
1056
2129
1287
228
314
2345
2038
235
2261
2619
1378
1121
1421
2548
1785
251
2719
2080
1492
2534
467
1449
1510
3154
858
1711
1656
687
2072
2068
2525
426
502
1833
884
859
2746
658
1238
1004
1045
1196
414
2445
2813
2376
1377
2993
2239
1894
2193
1526
2621
1459
562
1185
387
851
1555
1874
1515
70
1561
787
2399
740
1438
1531
2843
1845
1197
1964
2167
1943
2990
2260
177
1966
3033
2001
1842
666
2868
864
2268
1217
959
2887
1209
2308
213
2206
2867
2810
1009
1116
736
218
2157
1710
747
2964
245
2041
500
939
2027
132
389
1165
1145
584
2624
2582
1668
682
2504
371
507
1684
1237
342
997
2411
2952
2196
1868
1839
0
593
2311
1043
515
1074
1364
2698
2856
196
644
487
237
2516
555
268
1566
1655
1939
1033
1277
3160
35
1695
2921
2176
2527
2671
2605
1858
97
2800
2318
753
2
1097
1108
480
1697
706
1602
3188
1788
656
2710
2811
2664
2620
263
1520
590
1658
2151
2210
3097
2019
741
1889
1677
1192
159
2283
27
2549
77
2632
1713
15
975
203
684
1041
385
61
1799
1434
1653
472
2932
1598
2606
1497
776
2401
1562
2303
1131
499
151
2375
723
2517
1223
727
2729
1155
568
1403
935
2840
2413
774
359
3186
2259
219
419
1499
2678
2992
2514
1149
1263
85
1802
1902
2423
94
497
2535
751
1571
1174
2154
2557
651
2054
2576
429
1333
1357
618
473
1780
1844
495
1736
1535
286
1232
942
2967
2502
680
1104
2659
2815
1295
2275
688
2249
2290
2960
280
1230
465
1593
1666
510
563
144
491
447
1214
2270
1240
1904
1349
585
1398
1146
1213
937
95
1989
1058
605
2983
2420
790
1762
234
1755
2098
1422
1099
1725
1482
2999
260
1281
1353
1533
464
1226
296
539
2063
1341
1570
1110
1667
190
1065
275
1376
2388
2181
2753
1469
211
1643
301
2686
1361
987
1820
2084
1706
3098
1597
452
2528
3137
726
37
2022
2930
3026
2238
1102
1501
1267
477
2108
2643
3130
679
1636
619
2400
552
861
678
1035
3105
1441
1352
879
974
56
855
1651
12
2711
1362
964
1027
823
1235
1996
571
1650
967
2789
573
1111
1607
2280
604
1731
2347
1187
3171
1610
614
2977
2040
1270
1020
1595
2767
2186
769
583
1447
2970
2220
2058
1797
1683
2292
611
2966
2362
486
2727
2221
400
1679
1464
675
2470
2501
1886
259
1580
2340
557
1749
334
32
1208
2096
2747
806
470
434
1929
1423
989
2819
940
2906
1928
1119
2488
185
695
3101
1687
2152
2076
2455
3064
1896
1585
1153
1199
2662
3050
1388
2438
655
1532
737
113
2938
1071
1890
2807
3180
3132
256
996
316
3035
1782
193
3071
752
179
258
808
366
313
699
1575
578
2171
2880
1236
2165
2991
778
1693
3172
692
1457
2458
1978
750
1218
916
2393
2482
1657
1534
1360
57
530
2144
663
2690
1157
2829
2030
2869
589
1207
120
1244
1550
579
1406
943
1793
471
1804
2355
1993
1083
2386
160
799
167
69
1707
469
1026
2782
68
2449
905
817
1503
317
64
907
2090
170
1424
318
1292
2023
1279
2442
2812
119
1261
1712
2229
1554
451
1260
1084
93
1599
782
1011
1212
3046
65
2748
2561
878
713
928
1916
233
2787
2635
901
188
1830
3166
2720
142
848
482
2394
3078
2071
171
2190
1317
2749
528
2755
2506
3088
629
833
2735
1536
1091
868
3
413
3131
339
1385
874
1490
1738
131
607
1427
1168
638
1878
2446
3133
1504
2723
2301
1038
155
1887
512
189
1642
2634
1646
1784
1189
1109
815
2020
762
2103
1062
1472
2707
957
535
1078
565
3056
2127
2766
2327
2490
1305
654
191
540
2225
1010
2447
2156
2216
719
3134
321
2742
564
2459
2448
2616
914
2750
2266
3169
1715
2939
2218
1901
216
341
1319
1945
3000
977
1392
2539
735
501
1064
1494
2806
154
1055
2826
2950
1905
2112
2751
910
2202
484
409
2100
1543
641
551
1817
556
1124
2695
1015
544
2864
2778
2955
2944
1660
2834
2521
2352
2839
461
976
2175
1644
1875
474
116
1801
1718
79
622
66
2066
1248
842
650
2613
1866
3076
1974
1851
1678
3059
777
2360
1455
431
853
291
1617
63
2693
2005
2933
1927
2119
246
2300
1982
1521
1437
948
1556
990
1741
3037
1151
2116
386
1899
1923
839
2069
1324
2633
459
792
319
1662
2786
2169
206
1103
952
1456
1191
1161
902
2934
724
875
623
1542
3099
2595
941
2325
236
310
2942
2387
3189
2179
3119
1815
516
1567
2414
1225
2617
2064
3183
2837
1391
1692
841
1397
1871
197
2808
1578
73
2422
1744
1037
1298
227
3075
722
2715
1052
1529
2803
795
2945
1808
287
1719
281
704
862
463
1125
2571
127
2013
1756
3114
954
812
1980
1754
754
107
2702
1025
2946
779
3177
2896
1355
1505
114
2389
2675
702
1090
1674
2638
1622
2940
2363
636
1714
1743
1613
543
1188
403
2357
2417
1720
2326
3057
519
1130
5
1865
412
709
1768
2520
715
522
837
271
1895
3109
1003
343
1509
1014
847
1344
2547
575
80
773
2493
460
466
1836
1560
708
2214
2053
756
2757
759
1283
1142
608
2094
1485
1628
1307
1354
1390
2481
3072
439
2184
1552
153
1717
194
1834
1018
3027
1950
2412
2139
1321
2593
511
2741
2658
367
2544
2056
2611
820
2510
1080
897
3020
2480
783
126
349
985
2706
830
104
2763
1182
156
3093
223
624
1050
2657
3054
2177
3178
1986
1763
2947
3005
141
2771
2307
2915
2956
2251
215
2164
2728
788
2255
1959
531
210
1955
2908
1367
550
2123
1514
1549
2002
758
2416
2919
2712
3001
2335
1691
3144
292
2213
489
834
576
212
714
441
2673
873
2883
1429
1314
765
1269
1301
805
3103
690
2232
2472
2709
893
2204
1809
2962
3153
2254
2082
676
2188
832
2931
2863
1178
1387
798
2343
872
2217
1988
1938
2730
45
22
2893
402
173
1942
1465
2252
2850
780
478
2402
1273
2627
652
1195
1115
257
11
2986
2935
3149
2540
2281
186
2243
1832
2654
1176
2089
297
2984
1925
2542
135
1637
2197
2349
852
626
230
1082
243
2153
1987
1523
1787
129
2234
2508
2791
2590
2985
468
121
694
1862
1781
111
195
2971
3112
2431
582
277
919
2105
1012
60
1546
2487
3096
266
1227
536
